0,390
0,389
0,388
25,2
0,387
0,243
34,1
34,3
32,1
32,3
24,1
24,3
31,1
31,3
27,1
27,3
35,1
35,3
30,1
30,3
29,1
29,3
33,1
33,3
28,1
28,3
25,1
25,3
3,1
3,3
10,10
10,178
10,220
10,174
10,224
11,17
11,11
11,12
11,6
9,7
9,4
9,6
8,15
8,9
8,17
8,16
8,13
20,3
20,2
20,1
19,2
19,1
12,3
19,3
12,2
12,1
11,30
11,29
11,28
11,27
11,26
11,25
11,24
11,23
11,22
11,21
11,20
11,19
11,7
11,5
11,3
11,2
11,1
10,315
10,314
10,313
10,312
10,311
10,310
10,309
10,308
10,307
10,306
10,305
10,304
10,303
10,302
10,301
10,300
10,299
